Public Flows per Capita (2021 USD)
      Min    Median          Max
Year                            
2000  0.0  0.000000    56.204123
2001  0.0  0.000000   140.338765
2002  0.0  0.000000    49.832401
2003  0.0  0.000000    52.628443
2004  0.0  0.000000    72.313457
2005  0.0  0.000000   825.632284
2006  0.0  0.000000   577.617057
2007  0.0  0.000000   240.857072
2008  0.0  0.000450  1032.442287
2009  0.0  0.058369   785.398568
2010  0.0  0.332496   162.050610
2011  0.0  0.118201   484.411473
2012  0.0  0.139655   917.421109
2013  0.0  0.411903   475.974241
2014  0.0  0.351207  2091.083892
2015  0.0  0.574930   870.004628
2016  0.0  0.507012   861.099620
2017  0.0  0.295713   944.054308
2018  0.0  0.368518   385.538769
2019  0.0  0.150099  1985.327368
2020  0.0  0.281977   497.025592
2021  0.0  0.438636   267.761514
2022  0.0  0.411917  2298.608571

Renewable Energy Share of Electricity Production (%GWh)
      Min    Median  Max
Year                    
2000  0.0  0.146507  1.0
2001  0.0  0.137649  1.0
2002  0.0  0.125451  1.0
2003  0.0  0.121257  1.0
2004  0.0  0.131737  1.0
2005  0.0  0.146929  1.0
2006  0.0  0.150141  1.0
2007  0.0  0.140124  1.0
2008  0.0  0.139386  1.0
2009  0.0  0.151220  1.0
2010  0.0  0.166079  1.0
2011  0.0  0.157054  1.0
2012  0.0  0.165435  1.0
2013  0.0  0.167264  1.0
2014  0.0  0.171934  1.0
2015  0.0  0.159909  1.0
2016  0.0  0.168760  1.0
2017  0.0  0.189519  1.0
2018  0.0  0.208389  1.0
2019  0.0  0.213489  1.0
2020  0.0  0.228791  1.0
2021  0.0  0.230715  1.0
2022  0.0  0.239931  1.0

Renewable Energy Capacity per Capita (W/inhabitant)
      Min      Median          Max
Year                              
2000  0.0   28.979832  6277.384094
2001  0.0   29.294996  6146.631703
2002  0.0   29.857513  6196.955869
2003  0.0   33.163929  6180.058692
2004  0.0   34.364644  6161.866978
2005  0.0   37.897933  6253.231997
2006  0.0   38.148499  6245.109778
2007  0.0   39.738587  7197.301293
2008  0.0   40.058975  7728.624710
2009  0.0   44.229704  7689.774153
2010  0.0   47.901826  7721.474054
2011  0.0   50.004506  7983.263022
2012  0.0   52.651344  7921.515115
2013  0.0   59.301250  8184.332024
2014  0.0   62.730894  8097.627302
2015  0.0   74.475534  8027.363619
2016  0.0   79.619789  7919.943398
2017  0.0   85.138265  7890.615542
2018  0.0   97.820846  8108.761680
2019  0.0  107.188110  7953.505519
2020  0.0  117.693091  7852.799119
2021  0.0  130.376487  7775.373649
2022  0.0  140.743760  7721.911295

EPI and CDA Indicators
          Min  Median    Max
EPI.new  24.6    47.2   75.7
CDA.new   0.0    46.0  100.0

Yearly Frequencies of Represented Countries by Region
    Year  Africa  Americas  Asia  Europe  Oceania Least Frequent Most Frequent
0   2000      54        45    49      42       18        Oceania        Africa
1   2001      54        45    49      42       18        Oceania        Africa
2   2002      54        45    49      42       18        Oceania        Africa
3   2003      54        45    49      42       18        Oceania        Africa
4   2004      54        45    49      42       18        Oceania        Africa
5   2005      54        45    49      42       18        Oceania        Africa
6   2006      54        45    49      42       18        Oceania        Africa
7   2007      54        45    49      42       18        Oceania        Africa
8   2008      54        45    49      42       18        Oceania        Africa
9   2009      54        45    49      42       18        Oceania        Africa
10  2010      54        45    49      42       18        Oceania        Africa
11  2011      54        45    49      42       18        Oceania        Africa
12  2012      54        45    49      42       18        Oceania        Africa
13  2013      54        45    49      42       18        Oceania        Africa
14  2014      54        45    49      42       18        Oceania        Africa
15  2015      54        45    49      42       18        Oceania        Africa
16  2016      54        45    49      42       18        Oceania        Africa
17  2017      54        45    49      42       18        Oceania        Africa
18  2018      54        45    49      42       18        Oceania        Africa
19  2019      54        45    49      42       18        Oceania        Africa
20  2020      54        45    49      42       18        Oceania        Africa
21  2021      54        45    49      42       18        Oceania        Africa
22  2022      54        45    49      42       18        Oceania        Africa